0 files missing
nbins=10
    0.2999,     1.7754,      6.498,      0.408,      0.000,      0.360,      0.728,      0.864
0 files missing
nbins=20
    0.1518,     0.4611,      3.257,      0.182,      0.000,      0.733,      1.000,      1.000
0 files missing
nbins=30
    0.0944,     0.1954,      2.155,      0.112,      0.000,      1.000,      1.000,      1.000
0 files missing
nbins=40
    0.0721,     0.1106,      1.630,      0.084,      0.000,      1.000,      1.000,      1.000
0 files missing
nbins=50
    0.0573,     0.0706,      1.310,      0.067,      0.000,      1.000,      1.000,      1.000
0 files missing
nbins=60
    0.0472,     0.0485,      1.088,      0.055,      0.000,      1.000,      1.000,      1.000
0 files missing
nbins=70
    0.0410,     0.0359,      0.931,      0.047,      0.000,      1.000,      1.000,      1.000
0 files missing
nbins=80
    0.0357,     0.0272,      0.811,      0.041,      0.000,      1.000,      1.000,      1.000
0 files missing
nbins=90
    0.0315,     0.0213,      0.720,      0.036,      0.000,      1.000,      1.000,      1.000
0 files missing
nbins=100
    0.0284,     0.0174,      0.649,      0.033,      0.000,      1.000,      1.000,      1.000
