0 files missing
nbins=10
    0.3022,     3.1452,     10.503,      0.429,      0.000,      0.430,      0.749,      0.902
0 files missing
nbins=20
    0.1760,     1.4185,      7.116,      0.236,      0.000,      0.729,      0.926,      0.981
0 files missing
nbins=30
    0.1201,     0.7765,      5.341,      0.162,      0.000,      0.863,      0.981,      0.997
0 files missing
nbins=40
    0.0916,     0.4939,      4.299,      0.124,      0.000,      0.922,      0.994,      1.000
0 files missing
nbins=50
    0.0730,     0.3340,      3.567,      0.100,      0.000,      0.952,      0.999,      1.000
0 files missing
nbins=60
    0.0604,     0.2387,      3.040,      0.083,      0.000,      0.970,      1.000,      1.000
0 files missing
nbins=70
    0.0520,     0.1816,      2.665,      0.072,      0.000,      0.981,      1.000,      1.000
0 files missing
nbins=80
    0.0456,     0.1424,      2.368,      0.063,      0.000,      0.989,      1.000,      1.000
0 files missing
nbins=90
    0.0405,     0.1128,      2.116,      0.056,      0.000,      0.994,      1.000,      1.000
0 files missing
nbins=100
    0.0364,     0.0919,      1.913,      0.050,      0.000,      0.997,      1.000,      1.000
